1 7
1 6
1 6
1 6
1 7
1 7
1 7
1 9
1 6
1 6
1 7
1 7
1 6
1 8
1 6
1 7
1 7
1 7
1 8
1 8
1 8
1 6
1 6
1 6
1 6
1 6
1 6
1 7
1 6
1 6
1 7
1 7
1 7
1 7
1 7
1 6
1 6
1 8
1 8
1 8
1 6
1 7
1 7
1 7
1 6
1 6
1 5
1 7
1 8
1 7
1 7
1 7
1 8
1 6
1 8
1 6
1 8
1 7
1 7
1 8
1 8
1 8
1 8
1 7
1 7
1 8
1 7
1 6
1 8
1 6
1 7
1 6
1 9
1 7
2 6
2 7
2 6
2 7
2 7
2 7
2 6
2 6
2 5
2 8
2 7
3 2
3 8
3 6
3 6
3 6
3 7
3 6
3 6
3 9
4 7
4 7
4 7
4 7
4 6
4 6
4 6
4 10
4 9
4 9
5 7
5 6
6 6
6 6
6 6
6 7
7 6
8 9
8 8
9 6
9 6
9 6
9 7
10 7
10 6
11 7
11 7
11 6
11 6
12 7
12 7
12 6
12 6
12 6
12 6
12 8
12 8
12 6
12 7
12 5
12 7
12 6
12 7
12 7
12 8
12 6
12 7
12 8
12 7
12 7
12 4
12 7
12 2
12 7
12 6
12 8
12 9
12 8
12 6
12 7
12 7
12 4
13 7
13 7
13 6
13 5
13 6
13 8
13 7
13 7
13 7
13 7
13 4
13 8
13 7
13 7
13 8
13 7
13 7
13 7
13 6
13 4
13 7
13 8
13 7
13 7
13 8
13 6
13 7
13 6
14 8
14 8
14 6
15 8
20 6
22 9
23 8
24 4
24 7
24 7
24 8
24 9
24 4
24 7
24 7
24 4
24 6
24 8
24 7
24 9
24 8
24 6
24 10
24 7
24 8
24 7
25 8
25 8
25 7
25 7
25 7
25 7
25 8
25 9
25 8
25 7
25 4
25 8
25 6
25 6
25 8
26 7
26 9
26 5
26 9
26 6
26 5
26 9
26 5
26 8
26 9
26 8
26 8
26 6
26 8
26 6
26 7
26 6
26 9
26 7
26 6
26 8
26 6
26 8
26 7
26 6
27 7
27 5
30 5
36 7
37 9
43 6
48 6
49 7
49 9
50 8
50 7
51 9
51 5
51 6
54 5
62 7
63 9
64 4
70 9
