22    7 11 2010
11    3 11 2010
12    1 11 2010
01    9 11 2010
24    2 11 2010
13    1 11 2010
02    2 11 2010
25    2 11 2010
26    1 11 2010
04    3 11 2010
05    4 11 2010
28    3 11 2010
30    1 11 2010
29    4 11 2010
07    2 11 2010
20    5 11 2010
08    3 11 2010
09    3 11 2010
22    1 12 2010
23    1 12 2010
01    2 12 2010
24    6 12 2010
02    3 12 2010
25   16 12 2010
03    1 12 2010
26    1 12 2010
15    1 12 2010
04    3 12 2010
16    1 12 2010
05    3 12 2010
06    2 12 2010
18   23 12 2010
07    6 12 2010
20    4 12 2010
19    5 12 2010
21    1 12 2010
10    2 12 2010
22   10 01 2010
23    1 01 2010
24    1 01 2010
25    5 01 2010
26    5 01 2010
27    4 01 2010
28    8 01 2010
30    3 01 2010
29    7 01 2010
20    1 01 2010
31    4 01 2010
21    1 01 2010
22    8 02 2010
12    1 02 2010
01    6 02 2010
24    1 02 2010
13    2 02 2010
02    2 02 2010
25    2 02 2010
14    1 02 2010
03    1 02 2010
15    8 02 2010
04    1 02 2010
05    3 02 2010
28    2 02 2010
17    2 02 2010
18    2 02 2010
20    1 02 2010
21    1 02 2010
09    4 02 2010
22    5 03 2010
01   12 03 2010
23    6 03 2010
12    3 03 2010
24    1 03 2010
25    2 03 2010
03    1 03 2010
15    4 03 2010
26    2 03 2010
04    1 03 2010
27    2 03 2010
16   10 03 2010
28    1 03 2010
06    4 03 2010
30    1 03 2010
29    2 03 2010
07    1 03 2010
31    3 03 2010
20    2 03 2010
19    3 03 2010
08    7 03 2010
09    4 03 2010
21    1 03 2010
11    6 04 2010
23    2 04 2010
12    9 04 2010
01    2 04 2010
24    2 04 2010
02    5 04 2010
25    4 04 2010
03    2 04 2010
26    3 04 2010
15    2 04 2010
04    1 04 2010
27    6 04 2010
16    1 04 2010
05    2 04 2010
28    3 04 2010
17    4 04 2010
06    5 04 2010
30    1 04 2010
29    3 04 2010
18    4 04 2010
07    3 04 2010
20    1 04 2010
08    1 04 2010
09    1 04 2010
22    2 05 2010
23    2 05 2010
02    1 05 2010
25    6 05 2010
14    3 05 2010
03    7 05 2010
26    1 05 2010
27    5 05 2010
05    1 05 2010
28    1 05 2010
18    1 05 2010
07    1 05 2010
20    1 05 2010
19    2 05 2010
08    1 05 2010
22    3 06 2010
12    3 06 2010
24    2 06 2010
13    1 06 2010
14    3 06 2010
26    2 06 2010
27    2 06 2010
16    2 06 2010
28    1 06 2010
17    1 06 2010
30    1 06 2010
18    1 06 2010
20    1 06 2010
21    1 06 2010
23    7 07 2010
12    1 07 2010
01    4 07 2010
13    1 07 2010
02    3 07 2010
25    1 07 2010
14    1 07 2010
04    2 07 2010
16    1 07 2010
05    1 07 2010
17    2 07 2010
30    3 07 2010
18    1 07 2010
07    3 07 2010
31    1 07 2010
19    1 07 2010
08    1 07 2010
21    1 07 2010
10    1 07 2010
09    1 07 2010
22    2 08 2010
11    3 08 2010
12    1 08 2010
01    3 08 2010
02    3 08 2010
25    3 08 2010
14    7 08 2010
03    2 08 2010
26   14 08 2010
15    4 08 2010
04    3 08 2010
27    2 08 2010
16    4 08 2010
28    5 08 2010
17    2 08 2010
06    2 08 2010
30    2 08 2010
29    5 08 2010
18    2 08 2010
07    5 08 2010
31    3 08 2010
20    4 08 2010
19    1 08 2010
08    4 08 2010
21    9 08 2010
10    1 08 2010
09    2 08 2010
22    1 10 2010
11    8 10 2010
23    1 10 2010
12    1 10 2010
24    1 10 2010
13    2 10 2010
14    2 10 2010
03    8 10 2010
26    1 10 2010
15    1 10 2010
27    1 10 2010
16    1 10 2010
28    1 10 2010
17    6 10 2010
30    4 10 2010
29    2 10 2010
31    1 10 2010
19    1 10 2010
21    1 10 2010
10    4 10 2010
09    1 10 2010
11    6 09 2010
12    5 09 2010
01    5 09 2010
13    7 09 2010
14    6 09 2010
26    2 09 2010
15    1 09 2010
04    6 09 2010
27    8 09 2010
16    1 09 2010
05    1 09 2010
29    2 09 2010
18    1 09 2010
07    9 09 2010
19   33 09 2010
08    4 09 2010
10    7 09 2010
09    2 09 2010
22    1 11 2011
11    1 11 2011
23    3 11 2011
01    1 11 2011
25    1 11 2011
14    1 11 2011
03    1 11 2011
06    2 11 2011
30    1 11 2011
29    2 11 2011
10    1 11 2011
13    2 12 2011
03    1 12 2011
15    1 12 2011
18    2 12 2011
19    2 12 2011
22    1 01 2011
23    2 01 2011
24    1 01 2011
13    6 01 2011
25    3 01 2011
14    1 01 2011
03    5 01 2011
26    4 01 2011
15    1 01 2011
27    6 01 2011
16    1 01 2011
05    6 01 2011
28    7 01 2011
06    1 01 2011
30    1 01 2011
29    3 01 2011
07    4 01 2011
20    3 01 2011
19    2 01 2011
21    9 01 2011
10    2 01 2011
22    3 02 2011
11    7 02 2011
24    1 02 2011
13   16 02 2011
14    8 02 2011
25    2 02 2011
03    9 02 2011
26    7 02 2011
15    5 02 2011
04   12 02 2011
27    1 02 2011
16    3 02 2011
05    4 02 2011
28    8 02 2011
17    3 02 2011
06    7 02 2011
18    1 02 2011
07    4 02 2011
20    1 02 2011
19    1 02 2011
21   10 02 2011
09    6 02 2011
24    3 03 2011
13    2 03 2011
02    1 03 2011
14   10 03 2011
03    1 03 2011
26    1 03 2011
15    3 03 2011
27    3 03 2011
16    2 03 2011
05    1 03 2011
28    1 03 2011
17    1 03 2011
06    1 03 2011
07    4 03 2011
20    1 03 2011
21    7 03 2011
09    1 03 2011
12    1 04 2011
01    4 04 2011
25    2 04 2011
03    4 04 2011
27    1 04 2011
16    1 04 2011
05    4 04 2011
30   10 04 2011
29    5 04 2011
09    2 04 2011
01    1 05 2011
24    2 05 2011
13    1 05 2011
02    2 05 2011
25    2 05 2011
26    1 05 2011
27    2 05 2011
06    1 05 2011
30    3 05 2011
07    3 05 2011
31    3 05 2011
20    1 05 2011
08    1 05 2011
10    1 05 2011
22    1 06 2011
01    2 06 2011
13    4 06 2011
02    3 06 2011
14    1 06 2011
03    2 06 2011
15    1 06 2011
27    3 06 2011
16    5 06 2011
05    5 06 2011
28    3 06 2011
17    6 06 2011
06    7 06 2011
30    1 06 2011
29    4 06 2011
18    4 06 2011
07    1 06 2011
20    1 06 2011
08    4 06 2011
21    1 06 2011
10    1 06 2011
09    5 06 2011
11    2 07 2011
23    2 07 2011
13    1 07 2011
24    2 07 2011
25    1 07 2011
14    2 07 2011
26    1 07 2011
27    6 07 2011
05    2 07 2011
28    1 07 2011
17    1 07 2011
06    1 07 2011
29    1 07 2011
31    3 07 2011
21    1 07 2011
22    1 08 2011
12    2 08 2011
01    1 08 2011
24    2 08 2011
02    1 08 2011
25    1 08 2011
14    1 08 2011
03    3 08 2011
26    1 08 2011
15    1 08 2011
04   20 08 2011
16    1 08 2011
06    3 08 2011
30    1 08 2011
29    1 08 2011
18    3 08 2011
07    5 08 2011
31    1 08 2011
20    2 08 2011
08    6 08 2011
21    1 08 2011
09    4 08 2011
12    2 10 2011
24    4 10 2011
13    2 10 2011
02    1 10 2011
14    1 10 2011
03    4 10 2011
15    3 10 2011
16    2 10 2011
05    1 10 2011
30    4 10 2011
07    1 10 2011
31    3 10 2011
19    2 10 2011
08    1 10 2011
21    2 10 2011
10    1 10 2011
09    1 10 2011
22    1 09 2011
23    3 09 2011
01    1 09 2011
24    1 09 2011
13    1 09 2011
26    1 09 2011
16    1 09 2011
05    2 09 2011
17    1 09 2011
06    2 09 2011
18    1 09 2011
07    1 09 2011
20    1 09 2011
19    2 09 2011
08    1 09 2011
09    2 09 2011
